departure location: 50-692 or 705-969
departure station: 35-540 or 556-965
departure platform: 27-776 or 790-974


your ticket:
107,157,197,181,71,113,179,109,97,163,73,53,101,193,173,151,167,191,127,103

nearby tickets:
460,805,566,621,266,233,771,202,368,751,150,558,184,248,457,424,351,184,821,623
181,792,526,790,876,286,436,893,566,195,168,619,911,190,895,803,679,346,323,914
198,396,154,361,573,941,264,591,596,365,416,191,512,422,813,871,340,912,750,202
726,194,756,858,569,924,732,592,726,479,650,189,477,268,834,455,732,692,776,97